{
 "cells": [
  {
   "cell_type": "code",
   "execution_count": 1,
   "metadata": {},
   "outputs": [],
   "source": [
    "import glob #to read the files\n",
    "import numpy as np\n",
    "import matplotlib.pyplot as plt\n",
    "from mpl_toolkits.mplot3d import axes3d\n",
    "from sklearn.gaussian_process import GaussianProcessRegressor\n",
    "from sklearn.gaussian_process.kernels import RBF, WhiteKernel\n",
    "from scipy.interpolate import interp1d\n",
    "import os.path \n",
    "from tabulate import tabulate #to export in table format\n",
    "from scipy.interpolate import interp1d\n",
    "from scipy.optimize import fmin"
   ]
  },
  {
   "cell_type": "code",
   "execution_count": 2,
   "metadata": {},
   "outputs": [],
   "source": [
    "#kernel = [0.5 * RBF(length_scale=5, length_scale_bounds=(1, 20)) + WhiteKernel(noise_level=0.1, noise_level_bounds=(1e-5,0.5)), 0.5 * RBF(length_scale=20, length_scale_bounds=(1, 30)) + WhiteKernel(noise_level=0.1, noise_level_bounds=(1e-5,0.5)), 0.5 * RBF(length_scale=1, length_scale_bounds=(1, 10)) + WhiteKernel(noise_level=0.1, noise_level_bounds=(1e-5,0.5)), 0.5 * RBF(length_scale=5, length_scale_bounds=(1, 10)) + WhiteKernel(noise_level=0.1, noise_level_bounds=(1e-5,0.5)), 0.5 * RBF(length_scale=15, length_scale_bounds=(10, 20)) + WhiteKernel(noise_level=0.1, noise_level_bounds=(1e-5,0.5))]"
   ]
  },
  {
   "cell_type": "code",
   "execution_count": 3,
   "metadata": {},
   "outputs": [],
   "source": [
    "kernel = 0.5 * (RBF(length_scale=5, length_scale_bounds=(1, 10)) + WhiteKernel(noise_level=0.1, noise_level_bounds=(1e-5,0.5)))"
   ]
  },
  {
   "cell_type": "code",
   "execution_count": 4,
   "metadata": {},
   "outputs": [],
   "source": [
    "X_ = np.linspace(-10, 50, 60 + 1)\n",
    "#xmin = np.linspace(-5, 5, 3)\n",
    "wave = np.linspace(3000, 9000, 200 + 1)\n",
    "save_path = '/home/joao/Documents/'"
   ]
  },
  {
   "cell_type": "code",
   "execution_count": 5,
   "metadata": {},
   "outputs": [],
   "source": [
    "file = open(\"treinamento.txt\")\n",
    "lines = file.readlines()\n",
    "file.close()"
   ]
  },
  {
   "cell_type": "code",
   "execution_count": 6,
   "metadata": {},
   "outputs": [],
   "source": [
    "training_set = []"
   ]
  },
  {
   "cell_type": "code",
   "execution_count": 7,
   "metadata": {},
   "outputs": [],
   "source": [
    "for line in lines:\n",
    "    if line.startswith('#'): continue\n",
    "    co=line.rstrip().replace('INDEF','Nan').split()\n",
    "\n",
    "    training_set.append(co[0])"
   ]
  },
  {
   "cell_type": "code",
   "execution_count": 8,
   "metadata": {
    "scrolled": true
   },
   "outputs": [],
   "source": [
    "training_set = ['SN2012fr']"
   ]
  },
  {
   "cell_type": "code",
   "execution_count": 9,
   "metadata": {
    "scrolled": true
   },
   "outputs": [
    {
     "name": "stdout",
     "output_type": "stream",
     "text": [
      "SN2012fr\n",
      "[[ 4.81049655e-02  1.36286085e-02  1.16794632e-02 ...  7.46063479e-06\n",
      "   2.54468909e-06 -1.35434090e-06]\n",
      " [ 1.36286085e-02  4.49153817e-02  1.08173976e-02 ...  9.49033876e-06\n",
      "   4.79649015e-06  9.03340098e-07]\n",
      " [ 1.16794632e-02  1.08173976e-02  4.24434372e-02 ...  1.07322399e-05\n",
      "   6.63329604e-06  3.05767888e-06]\n",
      " ...\n",
      " [ 7.46063479e-06  9.49033876e-06  1.07322399e-05 ...  4.88629302e-02\n",
      "   1.59543850e-02  1.53786640e-02]\n",
      " [ 2.54468909e-06  4.79649015e-06  6.63329604e-06 ...  1.59543850e-02\n",
      "   4.86299656e-02  1.57470330e-02]\n",
      " [-1.35434090e-06  9.03340098e-07  3.05767888e-06 ...  1.53786640e-02\n",
      "   1.57470330e-02  4.84503212e-02]]\n",
      "[[ 4.78171750e-02  1.38735295e-02  1.18228589e-02 ...  4.76964826e-06\n",
      "   1.10861261e-09 -3.61778960e-06]\n",
      " [ 1.38735295e-02  4.44450794e-02  1.09137571e-02 ...  7.62544275e-06\n",
      "   2.82577198e-06 -1.02366081e-06]\n",
      " [ 1.18228589e-02  1.09137571e-02  4.18534392e-02 ...  9.78385059e-06\n",
      "   5.34810335e-06  1.59007605e-06]\n",
      " ...\n",
      " [ 4.76964826e-06  7.62544275e-06  9.78385059e-06 ...  4.83233269e-02\n",
      "   1.60436589e-02  1.54494425e-02]\n",
      " [ 1.10861261e-09  2.82577198e-06  5.34810335e-06 ...  1.60436589e-02\n",
      "   4.80800007e-02  1.58290621e-02]\n",
      " [-3.61778960e-06 -1.02366081e-06  1.59007605e-06 ...  1.54494425e-02\n",
      "   1.58290621e-02  4.78959077e-02]]\n",
      "[[ 4.48210944e-02  1.32626275e-02  1.12473516e-02 ...  1.96945568e-06\n",
      "  -2.22363033e-06 -5.25103794e-06]\n",
      " [ 1.32626275e-02  4.14938732e-02  1.03526963e-02 ...  5.31348464e-06\n",
      "   8.50552134e-07 -2.61100071e-06]\n",
      " [ 1.12473516e-02  1.03526963e-02  3.89551379e-02 ...  8.09646287e-06\n",
      "   3.74779152e-06  1.57720425e-07]\n",
      " ...\n",
      " [ 1.96945568e-06  5.31348464e-06  8.09646287e-06 ...  4.50815398e-02\n",
      "   1.51708082e-02  1.45967114e-02]\n",
      " [-2.22363033e-06  8.50552134e-07  3.74779152e-06 ...  1.51708082e-02\n",
      "   4.48447501e-02  1.49636607e-02]\n",
      " [-5.25103794e-06 -2.61100071e-06  1.57720425e-07 ...  1.45967114e-02\n",
      "   1.49636607e-02  4.46686035e-02]]\n",
      "[[ 3.92703708e-02  1.17518416e-02  9.93735628e-03 ...  3.22430316e-07\n",
      "  -3.13624669e-06 -5.53962147e-06]\n",
      " [ 1.17518416e-02  3.62677637e-02  9.13138149e-03 ...  3.58483358e-06\n",
      "  -2.48040232e-07 -3.15368441e-06]\n",
      " [ 9.93735628e-03  9.13138149e-03  3.39864986e-02 ...  6.41211435e-06\n",
      "   2.54615228e-06 -5.94470838e-07]\n",
      " ...\n",
      " [ 3.22430316e-07  3.58483358e-06  6.41211435e-06 ...  3.93826265e-02\n",
      "   1.33543725e-02  1.28427690e-02]\n",
      " [-3.13624669e-06 -2.48040232e-07  2.54615228e-06 ...  1.33543725e-02\n",
      "   3.91709836e-02  1.31701280e-02]\n",
      " [-5.53962147e-06 -3.15368441e-06 -5.94470838e-07 ...  1.28427690e-02\n",
      "   1.31701280e-02  3.90151484e-02]]\n",
      "[[ 3.47836049e-02  1.06090801e-02  8.92574727e-03 ... -1.99711033e-06\n",
      "  -4.61461720e-06 -6.26661192e-06]\n",
      " [ 1.06090801e-02  3.19871979e-02  8.17760148e-03 ...  1.37163200e-06\n",
      "  -1.80850802e-06 -4.10512469e-06]\n",
      " [ 8.92574727e-03  8.17760148e-03  2.98784040e-02 ...  4.45445294e-06\n",
      "   1.01642072e-06 -1.69297783e-06]\n",
      " ...\n",
      " [-1.99711033e-06  1.37163200e-06  4.45445294e-06 ...  3.46964229e-02\n",
      "   1.19154144e-02  1.14494144e-02]\n",
      " [-4.61461720e-06 -1.80850802e-06  1.01642072e-06 ...  1.19154144e-02\n",
      "   3.45030741e-02  1.17485664e-02]\n",
      " [-6.26661192e-06 -4.10512469e-06 -1.69297783e-06 ...  1.14494144e-02\n",
      "   1.17485664e-02  3.43633095e-02]]\n",
      "[[ 3.04012480e-02  9.72473965e-03  8.05853765e-03 ... -7.44616035e-06\n",
      "  -7.13079540e-06 -6.30468628e-06]\n",
      " [ 9.72473965e-03  2.76195481e-02  7.33094260e-03 ... -4.34505522e-06\n",
      "  -5.19585361e-06 -5.42380823e-06]\n",
      " [ 8.05853765e-03  7.33094260e-03  2.55653370e-02 ... -1.04918537e-06\n",
      "  -2.90353396e-06 -4.08994098e-06]\n",
      " ...\n",
      " [-7.44616035e-06 -4.34505522e-06 -1.04918537e-06 ...  2.98920208e-02\n",
      "   1.06179502e-02  1.01728433e-02]\n",
      " [-7.13079540e-06 -5.19585361e-06 -2.90353396e-06 ...  1.06179502e-02\n",
      "   2.97151602e-02  1.04716662e-02]\n",
      " [-6.30468628e-06 -5.42380823e-06 -4.08994098e-06 ...  1.01728433e-02\n",
      "   1.04716662e-02  2.95982639e-02]]\n",
      "[[ 2.66074623e-02  9.23335471e-03  7.36381075e-03 ...  1.04576680e-06\n",
      "   2.58380749e-06  3.48214644e-06]\n",
      " [ 9.23335471e-03  2.35204551e-02  6.63394964e-03 ... -1.30390478e-08\n",
      "   1.39189455e-06  2.31310019e-06]\n",
      " [ 7.36381075e-03  6.63394964e-03  2.13403550e-02 ... -9.72468976e-07\n",
      "   1.39982002e-07  9.69383059e-07]\n",
      " ...\n",
      " [ 1.04576680e-06 -1.30390478e-08 -9.72468976e-07 ...  2.54587102e-02\n",
      "   9.69871364e-03  9.21787276e-03]\n",
      " [ 2.58380749e-06  1.39189455e-06  1.39982002e-07 ...  9.69871364e-03\n",
      "   2.53495628e-02  9.63096747e-03]\n",
      " [ 3.48214644e-06  2.31310019e-06  9.69383059e-07 ...  9.21787276e-03\n",
      "   9.63096747e-03  2.53135413e-02]]\n",
      "[[2.48732625e-02 9.06173214e-03 7.03762203e-03 ... 2.34963982e-06\n",
      "  1.86436935e-06 1.28001518e-06]\n",
      " [9.06173214e-03 2.15377989e-02 6.29323782e-03 ... 1.81367068e-06\n",
      "  1.72790367e-06 1.46287526e-06]\n",
      " [7.03762203e-03 6.29323782e-03 1.92508897e-02 ... 1.08463548e-06\n",
      "  1.36546591e-06 1.42089970e-06]\n",
      " ...\n",
      " [2.34963982e-06 1.81367068e-06 1.08463548e-06 ... 2.32650321e-02\n",
      "  9.25147301e-03 8.75899900e-03]\n",
      " [1.86436935e-06 1.72790367e-06 1.36546591e-06 ... 9.25147301e-03\n",
      "  2.32244912e-02 9.24519540e-03]\n",
      " [1.28001518e-06 1.46287526e-06 1.42089970e-06 ... 8.75899900e-03\n",
      "  9.24519540e-03 2.32367744e-02]]\n",
      "[[2.28923778e-02 8.48518773e-03 6.54215511e-03 ... 2.48024044e-06\n",
      "  1.81054483e-06 1.08758717e-06]\n",
      " [8.48518773e-03 1.96676921e-02 5.82257482e-03 ... 1.97770370e-06\n",
      "  1.76274702e-06 1.39351515e-06]\n",
      " [6.54215511e-03 5.82257482e-03 1.74798204e-02 ... 1.25871355e-06\n",
      "  1.47102551e-06 1.46280570e-06]\n",
      " ...\n",
      " [2.48024044e-06 1.97770370e-06 1.25871355e-06 ... 2.11501281e-02\n",
      "  8.49149894e-03 8.03654096e-03]\n",
      " [1.81054483e-06 1.76274702e-06 1.47102551e-06 ... 8.49149894e-03\n",
      "  2.11171075e-02 8.49086090e-03]\n",
      " [1.08758717e-06 1.39351515e-06 1.46280570e-06 ... 8.03654096e-03\n",
      "  8.49086090e-03 2.11337415e-02]]\n",
      "[[2.26262284e-02 8.39138496e-03 6.50832610e-03 ... 4.04749878e-06\n",
      "  4.68386004e-06 4.67013245e-06]\n",
      " [8.39138496e-03 1.94535747e-02 5.77065481e-03 ... 2.45053961e-06\n",
      "  3.40282457e-06 3.77304522e-06]\n",
      " [6.50832610e-03 5.77065481e-03 1.72981829e-02 ... 7.54001196e-07\n",
      "  1.85067577e-06 2.50112134e-06]\n",
      " ...\n",
      " [4.04749878e-06 2.45053961e-06 7.54001196e-07 ... 2.07583670e-02\n",
      "  8.22602249e-03 7.80039495e-03]\n",
      " [4.68386004e-06 3.40282457e-06 1.85067577e-06 ... 8.22602249e-03\n",
      "  2.06845795e-02 8.19173788e-03]\n",
      " [4.67013245e-06 3.77304522e-06 2.50112134e-06 ... 7.80039495e-03\n",
      "  8.19173788e-03 2.06785796e-02]]\n",
      "[[ 2.70410682e-02  9.45581992e-03  7.60772318e-03 ... -1.22171100e-05\n",
      "  -7.88975720e-06 -3.80319303e-06]\n",
      " [ 9.45581992e-03  2.38823538e-02  6.79596002e-03 ... -9.61374672e-06\n",
      "  -7.43467316e-06 -5.07769910e-06]\n",
      " [ 7.60772318e-03  6.79596002e-03  2.16495179e-02 ... -6.32204880e-06\n",
      "  -6.24947990e-06 -5.65234085e-06]\n",
      " ...\n",
      " [-1.22171100e-05 -9.61374672e-06 -6.32204880e-06 ...  2.54666292e-02\n",
      "   9.51920077e-03  9.09073533e-03]\n",
      " [-7.88975720e-06 -7.43467316e-06 -6.24947990e-06 ...  9.51920077e-03\n",
      "   2.53031668e-02  9.39179700e-03]\n",
      " [-3.80319303e-06 -5.07769910e-06 -5.65234085e-06 ...  9.09073533e-03\n",
      "   9.39179700e-03  2.52087449e-02]]\n",
      "[[ 2.59014381e-02  8.93811946e-03  7.22804754e-03 ... -1.15563986e-05\n",
      "  -8.21852885e-06 -4.89919955e-06]\n",
      " [ 8.93811946e-03  2.29869208e-02  6.47503750e-03 ... -8.69967418e-06\n",
      "  -7.27517221e-06 -5.53730311e-06]\n",
      " [ 7.22804754e-03  6.47503750e-03  2.09116687e-02 ... -5.27968621e-06\n",
      "  -5.68926601e-06 -5.52546669e-06]\n",
      " ...\n",
      " [-1.15563986e-05 -8.69967418e-06 -5.27968621e-06 ...  2.45734870e-02\n",
      "   9.11429487e-03  8.70924979e-03]\n",
      " [-8.21852885e-06 -7.27517221e-06 -5.68926601e-06 ...  9.11429487e-03\n",
      "   2.44160215e-02  8.98970703e-03]\n",
      " [-4.89919955e-06 -5.53730311e-06 -5.52546669e-06 ...  8.70924979e-03\n",
      "   8.98970703e-03  2.43218563e-02]]\n",
      "[[ 2.51084091e-02  8.69010761e-03  7.01959957e-03 ... -1.12630699e-05\n",
      "  -7.85365725e-06 -4.50559721e-06]\n",
      " [ 8.69010761e-03  2.22595234e-02  6.28439928e-03 ... -8.56318114e-06\n",
      "  -7.04129977e-06 -5.24442803e-06]\n",
      " [ 7.01959957e-03  6.28439928e-03  2.02342478e-02 ... -5.29627662e-06\n",
      "  -5.59309916e-06 -5.34778300e-06]\n",
      " ...\n",
      " [-1.12630699e-05 -8.56318114e-06 -5.29627662e-06 ...  2.37829940e-02\n",
      "   8.83646567e-03  8.44264145e-03]\n",
      " [-7.85365725e-06 -7.04129977e-06 -5.59309916e-06 ...  8.83646567e-03\n",
      "   2.36304934e-02  8.71619145e-03]\n",
      " [-4.50559721e-06 -5.24442803e-06 -5.34778300e-06 ...  8.44264145e-03\n",
      "   8.71619145e-03  2.35399627e-02]]\n",
      "[[ 2.45358361e-02  8.57736722e-03  6.90172380e-03 ... -1.10858442e-05\n",
      "  -7.17568810e-06 -3.47945333e-06]\n",
      " [ 8.57736722e-03  2.16720477e-02  6.16566809e-03 ... -8.71527208e-06\n",
      "  -6.75165713e-06 -4.62349453e-06]\n",
      " [ 6.90172380e-03  6.16566809e-03  1.96473713e-02 ... -5.72203752e-06\n",
      "  -5.66621429e-06 -5.13279608e-06]\n",
      " ...\n",
      " [-1.10858442e-05 -8.71527208e-06 -5.72203752e-06 ...  2.31109862e-02\n",
      "   8.63726487e-03  8.24860026e-03]\n",
      " [-7.17568810e-06 -6.75165713e-06 -5.66621429e-06 ...  8.63726487e-03\n",
      "   2.29626440e-02  8.52160677e-03]\n",
      " [-3.47945333e-06 -4.62349453e-06 -5.13279608e-06 ...  8.24860026e-03\n",
      "   8.52160677e-03  2.28768886e-02]]\n",
      "[[ 2.14242228e-02  7.57735338e-03  6.06871385e-03 ... -9.53640039e-06\n",
      "  -5.53629023e-06 -1.89683243e-06]\n",
      " [ 7.57735338e-03  1.88393476e-02  5.40764257e-03 ... -7.80597308e-06\n",
      "  -5.59587362e-06 -3.36321774e-06]\n",
      " [ 6.06871385e-03  5.40764257e-03  1.70238889e-02 ... -5.46464453e-06\n",
      "  -5.04303818e-06 -4.26954848e-06]\n",
      " ...\n",
      " [-9.53640039e-06 -7.80597308e-06 -5.46464453e-06 ...  2.00421772e-02\n",
      "   7.54118154e-03  7.19807771e-03]\n",
      " [-5.53629023e-06 -5.59587362e-06 -5.04303818e-06 ...  7.54118154e-03\n",
      "   1.99137016e-02  7.44248528e-03]\n",
      " [-1.89683243e-06 -3.36321774e-06 -4.26954848e-06 ...  7.19807771e-03\n",
      "   7.44248528e-03  1.98419702e-02]]\n",
      "[[ 1.82514046e-02  6.55941686e-03  5.21842244e-03 ... -7.57780654e-06\n",
      "  -3.50834316e-06  2.56947072e-08]\n",
      " [ 6.55941686e-03  1.59456972e-02  4.63304424e-03 ... -6.60642181e-06\n",
      "  -4.14090302e-06 -1.82057138e-06]\n",
      " [ 5.21842244e-03  4.63304424e-03  1.43415011e-02 ... -5.04202656e-06\n",
      "  -4.22211878e-06 -3.19752252e-06]\n",
      " ...\n",
      " [-7.57780654e-06 -6.60642181e-06 -5.04202656e-06 ...  1.69028956e-02\n",
      "   6.41874620e-03  6.12233592e-03]\n",
      " [-3.50834316e-06 -4.14090302e-06 -4.22211878e-06 ...  6.41874620e-03\n",
      "   1.67952541e-02  6.33796740e-03]\n",
      " [ 2.56947072e-08 -1.82057138e-06 -3.19752252e-06 ...  6.12233592e-03\n",
      "   6.33796740e-03  1.67384505e-02]]\n",
      "[[ 1.67541248e-02  6.12434917e-03  4.83605114e-03 ... -5.93740012e-06\n",
      "  -1.62173130e-06  1.95606192e-06]\n",
      " [ 6.12434917e-03  1.45306472e-02  4.27625905e-03 ... -5.65796919e-06\n",
      "  -2.85001847e-06 -3.59600281e-07]\n",
      " [ 4.83605114e-03  4.27625905e-03  1.29997456e-02 ... -4.77455864e-06\n",
      "  -3.56025769e-06 -2.27246081e-06]\n",
      " ...\n",
      " [-5.93740012e-06 -5.65796919e-06 -4.77455864e-06 ...  1.53380293e-02\n",
      "   5.88084025e-03  5.60505710e-03]\n",
      " [-1.62173130e-06 -2.85001847e-06 -3.56025769e-06 ...  5.88084025e-03\n",
      "   1.52416793e-02  5.81064480e-03]\n",
      " [ 1.95606192e-06 -3.59600281e-07 -2.27246081e-06 ...  5.60505710e-03\n",
      "   5.81064480e-03  1.51944672e-02]]\n",
      "[[ 1.59149919e-02  5.90382406e-03  4.63023390e-03 ... -4.38695336e-06\n",
      "   1.05237585e-07  3.67974726e-06]\n",
      " [ 5.90382406e-03  1.37095701e-02  4.07931317e-03 ... -4.71933663e-06\n",
      "  -1.64588200e-06  9.57875245e-07]\n",
      " [ 4.63023390e-03  4.07931317e-03  1.22054217e-02 ... -4.44131069e-06\n",
      "  -2.91198298e-06 -1.42368882e-06]\n",
      " ...\n",
      " [-4.38695336e-06 -4.71933663e-06 -4.44131069e-06 ...  1.44131437e-02\n",
      "   5.57204539e-03  5.30730595e-03]\n",
      " [ 1.05237585e-07 -1.64588200e-06 -2.91198298e-06 ...  5.57204539e-03\n",
      "   1.43242298e-02  5.50923689e-03]\n",
      " [ 3.67974726e-06  9.57875245e-07 -1.42368882e-06 ...  5.30730595e-03\n",
      "   5.50923689e-03  1.42840508e-02]]\n"
     ]
    },
    {
     "name": "stdout",
     "output_type": "stream",
     "text": [
      "[[ 1.50637990e-02  5.67017765e-03  4.41550253e-03 ... -2.60933575e-06\n",
      "   1.90378084e-06  5.33973790e-06]\n",
      " [ 5.67017765e-03  1.28838204e-02  3.87543919e-03 ... -3.55691858e-06\n",
      "  -3.28213732e-07  2.28811409e-06]\n",
      " [ 4.41550253e-03  3.87543919e-03  1.14115341e-02 ... -3.90669448e-06\n",
      "  -2.12571037e-06 -5.00477893e-07]\n",
      " ...\n",
      " [-2.60933575e-06 -3.55691858e-06 -3.90669448e-06 ...  1.34860820e-02\n",
      "   5.25613875e-03  5.00320783e-03]\n",
      " [ 1.90378084e-06 -3.28213732e-07 -2.12571037e-06 ...  5.25613875e-03\n",
      "   1.34048980e-02  5.20086588e-03]\n",
      " [ 5.33973790e-06  2.28811409e-06 -5.00477893e-07 ...  5.00320783e-03\n",
      "   5.20086588e-03  1.33717820e-02]]\n",
      "[[ 1.40214211e-02  5.35284359e-03  4.13835596e-03 ... -7.27273308e-07\n",
      "   3.58347932e-06  6.70715532e-06]\n",
      " [ 5.35284359e-03  1.19042633e-02  3.61833879e-03 ... -2.22894223e-06\n",
      "   9.86853453e-07  3.47761015e-06]\n",
      " [ 4.13835596e-03  3.61833879e-03  1.04884995e-02 ... -3.17214659e-06\n",
      "  -1.24614059e-06  4.20481685e-07]\n",
      " ...\n",
      " [-7.27273308e-07 -2.22894223e-06 -3.17214659e-06 ...  1.24036499e-02\n",
      "   4.87210871e-03  4.63479114e-03]\n",
      " [ 3.58347932e-06  9.86853453e-07 -1.24614059e-06 ...  4.87210871e-03\n",
      "   1.23312345e-02  4.82490258e-03]\n",
      " [ 6.70715532e-06  3.47761015e-06  4.20481685e-07 ...  4.63479114e-03\n",
      "   4.82490258e-03  1.23053009e-02]]\n",
      "[[ 1.33856870e-02  5.17394640e-03  3.97346423e-03 ...  9.50584738e-07\n",
      "   5.03734340e-06  7.84618246e-06]\n",
      " [ 5.17394640e-03  1.12867185e-02  3.46203494e-03 ... -1.02611910e-06\n",
      "   2.14225256e-06  4.49022032e-06]\n",
      " [ 3.97346423e-03  3.46203494e-03  9.89579385e-03 ... -2.48308647e-06\n",
      "  -4.56523238e-07  1.22177397e-06]\n",
      " ...\n",
      " [ 9.50584738e-07 -1.02611910e-06 -2.48308647e-06 ...  1.17090337e-02\n",
      "   4.63073092e-03  4.40277068e-03]\n",
      " [ 5.03734340e-06  2.14225256e-06 -4.56523238e-07 ...  4.63073092e-03\n",
      "   1.16429141e-02  4.58959175e-03]\n",
      " [ 7.84618246e-06  4.49022032e-06  1.22177397e-06 ...  4.40277068e-03\n",
      "   4.58959175e-03  1.16226089e-02]]\n",
      "[[ 1.31985796e-02  5.14041425e-03  3.93106954e-03 ...  2.01029298e-06\n",
      "   5.95901185e-06  8.56860156e-06]\n",
      " [ 5.14041425e-03  1.10802157e-02  3.41755631e-03 ... -2.68517276e-07\n",
      "   2.87217669e-06  5.12987275e-06]\n",
      " [ 3.93106954e-03  3.41755631e-03  9.68443964e-03 ... -2.05084614e-06\n",
      "   3.86082935e-08  1.72318222e-06]\n",
      " ...\n",
      " [ 2.01029298e-06 -2.68517276e-07 -2.05084614e-06 ...  1.14624374e-02\n",
      "   4.55205823e-03  4.32652410e-03]\n",
      " [ 5.95901185e-06  2.87217669e-06  3.86082935e-08 ...  4.55205823e-03\n",
      "   1.13992220e-02  4.51401956e-03]\n",
      " [ 8.56860156e-06  5.12987275e-06  1.72318222e-06 ...  4.32652410e-03\n",
      "   4.51401956e-03  1.13820309e-02]]\n",
      "[[ 1.27247508e-02  4.99191794e-03  3.80166975e-03 ...  2.97266910e-06\n",
      "   6.65664615e-06  8.98427234e-06]\n",
      " [ 4.99191794e-03  1.06361119e-02  3.29792924e-03 ...  4.74799249e-07\n",
      "   3.48502493e-06  5.57925170e-06]\n",
      " [ 3.80166975e-03  3.29792924e-03  9.26760907e-03 ... -1.56518604e-06\n",
      "   5.15597634e-07  2.14951100e-06]\n",
      " ...\n",
      " [ 2.97266910e-06  4.74799249e-07 -1.56518604e-06 ...  1.09720817e-02\n",
      "   4.37463414e-03  4.15655319e-03]\n",
      " [ 6.65664615e-06  3.48502493e-06  5.15597634e-07 ...  4.37463414e-03\n",
      "   1.09130750e-02  4.34039750e-03]\n",
      " [ 8.98427234e-06  5.57925170e-06  2.14951100e-06 ...  4.15655319e-03\n",
      "   4.34039750e-03  1.08992086e-02]]\n",
      "[[ 1.15061417e-02  4.58728864e-03  3.45981314e-03 ...  4.85647954e-06\n",
      "   7.77070609e-06  9.36018251e-06]\n",
      " [ 4.58728864e-03  9.51960207e-03  2.98639632e-03 ...  2.02527795e-06\n",
      "   4.59312281e-06  6.22006769e-06]\n",
      " [ 3.45981314e-03  2.98639632e-03  8.23477121e-03 ... -4.55086808e-07\n",
      "   1.49314680e-06  2.92756020e-06]\n",
      " ...\n",
      " [ 4.85647954e-06  2.02527795e-06 -4.55086808e-07 ...  9.75467483e-03\n",
      "   3.92371514e-03  3.72540723e-03]\n",
      " [ 7.77070609e-06  4.59312281e-06  1.49314680e-06 ...  3.92371514e-03\n",
      "   9.70557714e-03  3.89798491e-03]\n",
      " [ 9.36018251e-06  6.22006769e-06  2.92756020e-06 ...  3.72540723e-03\n",
      "   3.89798491e-03  9.69876999e-03]]\n",
      "[[9.54767826e-03 3.90646213e-03 2.89666700e-03 ... 6.82679846e-06\n",
      "  8.23755788e-06 8.53702258e-06]\n",
      " [3.90646213e-03 7.75630588e-03 2.47875997e-03 ... 3.90363720e-06\n",
      "  5.50116133e-06 6.23809287e-06]\n",
      " [2.89666700e-03 2.47875997e-03 6.62342141e-03 ... 1.12780019e-06\n",
      "  2.63558117e-06 3.59687663e-06]\n",
      " ...\n",
      " [6.82679846e-06 3.90363720e-06 1.12780019e-06 ... 7.85180869e-03\n",
      "  3.20362348e-03 3.03802283e-03]\n",
      " [8.23755788e-06 5.50116133e-06 2.63558117e-06 ... 3.20362348e-03\n",
      "  7.81756012e-03 3.18991744e-03]\n",
      " [8.53702258e-06 6.23809287e-06 3.59687663e-06 ... 3.03802283e-03\n",
      "  3.18991744e-03 7.82007307e-03]]\n",
      "[[8.05456946e-03 3.36664619e-03 2.45788378e-03 ... 7.22009605e-06\n",
      "  7.34421993e-06 6.66015710e-06]\n",
      " [3.36664619e-03 6.43280107e-03 2.08695208e-03 ... 4.64118705e-06\n",
      "  5.33737033e-06 5.33979824e-06]\n",
      " [2.45788378e-03 2.08695208e-03 5.42770594e-03 ... 2.03322767e-06\n",
      "  3.04500053e-06 3.55306189e-06]\n",
      " ...\n",
      " [7.22009605e-06 4.64118705e-06 2.03322767e-06 ... 6.43784776e-03\n",
      "  2.65825012e-03 2.51814925e-03]\n",
      " [7.34421993e-06 5.33737033e-06 3.04500053e-06 ... 2.65825012e-03\n",
      "  6.41406308e-03 2.65239347e-03]\n",
      " [6.66015710e-06 5.33979824e-06 3.55306189e-06 ... 2.51814925e-03\n",
      "  2.65239347e-03 6.42204807e-03]]\n",
      "[[7.55394344e-03 3.18343707e-03 2.30925512e-03 ... 7.08765683e-06\n",
      "  6.74374992e-06 5.72893753e-06]\n",
      " [3.18343707e-03 5.99015241e-03 1.95451733e-03 ... 4.72486580e-06\n",
      "  5.08024068e-06 4.82354666e-06]\n",
      " [2.30925512e-03 1.95451733e-03 5.02897032e-03 ... 2.26664654e-06\n",
      "  3.07671305e-06 3.41284565e-06]\n",
      " ...\n",
      " [7.08765683e-06 4.72486580e-06 2.26664654e-06 ... 5.96616116e-03\n",
      "  2.47505532e-03 2.34359073e-03]\n",
      " [6.74374992e-06 5.08024068e-06 3.07671305e-06 ... 2.47505532e-03\n",
      "  5.94582773e-03 2.47167977e-03]\n",
      " [5.72893753e-06 4.82354666e-06 3.41284565e-06 ... 2.34359073e-03\n",
      "  2.47167977e-03 5.95542289e-03]]\n",
      "[[7.26606702e-03 3.07568983e-03 2.22314855e-03 ... 6.91859884e-06\n",
      "  6.33525159e-06 5.16178531e-06]\n",
      " [3.07568983e-03 5.73898387e-03 1.87832488e-03 ... 4.70086104e-06\n",
      "  4.87595209e-06 4.48921122e-06]\n",
      " [2.22314855e-03 1.87832488e-03 4.80465000e-03 ... 2.35320379e-06\n",
      "  3.05061673e-06 3.29512663e-06]\n",
      " ...\n",
      " [6.91859884e-06 4.70086104e-06 2.35320379e-06 ... 5.70070509e-03\n",
      "  2.37097310e-03 2.24449717e-03]\n",
      " [6.33525159e-06 4.87595209e-06 3.05061673e-06 ... 2.37097310e-03\n",
      "  5.68219664e-03 2.36883038e-03]\n",
      " [5.16178531e-06 4.48921122e-06 3.29512663e-06 ... 2.24449717e-03\n",
      "  2.36883038e-03 5.69250553e-03]]\n",
      "[[7.00050039e-03 2.97920397e-03 2.14387430e-03 ... 6.71881257e-06\n",
      "  5.85092072e-06 4.48863963e-06]\n",
      " [2.97920397e-03 5.50182357e-03 1.80739651e-03 ... 4.67224142e-06\n",
      "  4.63573394e-06 4.09607530e-06]\n",
      " [2.14387430e-03 1.80739651e-03 4.59005535e-03 ... 2.45350038e-06\n",
      "  3.02120301e-06 3.15976162e-06]\n",
      " ...\n",
      " [6.71881257e-06 4.67224142e-06 2.45350038e-06 ... 5.44689479e-03\n",
      "  2.27250160e-03 2.15063740e-03]\n",
      " [5.85092072e-06 4.63573394e-06 3.02120301e-06 ... 2.27250160e-03\n",
      "  5.43031504e-03 2.27173132e-03]\n",
      " [4.48863963e-06 4.09607530e-06 3.15976162e-06 ... 2.15063740e-03\n",
      "  2.27173132e-03 5.44149237e-03]]\n",
      "[[7.18324073e-03 3.06828666e-03 2.20107448e-03 ... 6.88515275e-06\n",
      "  5.77228366e-06 4.21111422e-06]\n",
      " [3.06828666e-03 5.62559919e-03 1.85277167e-03 ... 4.86690302e-06\n",
      "  4.67809082e-06 4.00457001e-06]\n",
      " [2.20107448e-03 1.85277167e-03 4.68173242e-03 ... 2.63719748e-06\n",
      "  3.14049946e-06 3.21116136e-06]\n",
      " ...\n",
      " [6.88515275e-06 4.86690302e-06 2.63719748e-06 ... 5.55627955e-03\n",
      "  2.32318949e-03 2.19814577e-03]\n",
      " [5.77228366e-06 4.67809082e-06 3.14049946e-06 ... 2.32318949e-03\n",
      "  5.54016973e-03 2.32331603e-03]\n",
      " [4.21111422e-06 4.00457001e-06 3.21116136e-06 ... 2.19814577e-03\n",
      "  2.32331603e-03 5.55250674e-03]]\n",
      "[[8.05138274e-03 3.44156670e-03 2.46733904e-03 ... 7.71007868e-06\n",
      "  6.41399096e-06 4.62891423e-06]\n",
      " [3.44156670e-03 6.30113911e-03 2.07627902e-03 ... 5.46760910e-06\n",
      "  5.22257131e-06 4.44158830e-06]\n",
      " [2.46733904e-03 2.07627902e-03 5.24139003e-03 ... 2.98042962e-06\n",
      "  3.52682540e-06 3.59025168e-06]\n",
      " ...\n",
      " [7.71007868e-06 5.46760910e-06 2.98042962e-06 ... 6.22061323e-03\n",
      "  2.60206151e-03 2.46190677e-03]\n",
      " [6.41399096e-06 5.22257131e-06 3.52682540e-06 ... 2.60206151e-03\n",
      "  6.20275392e-03 2.60240216e-03]\n",
      " [4.62891423e-06 4.44158830e-06 3.59025168e-06 ... 2.46190677e-03\n",
      "  2.60240216e-03 6.21676850e-03]]\n",
      "[[7.62664177e-03 3.27592062e-03 2.33864179e-03 ... 7.21172934e-06\n",
      "  5.66590110e-06 3.74985258e-06]\n",
      " [3.27592062e-03 5.94021568e-03 1.96390689e-03 ... 5.23155918e-06\n",
      "  4.77929976e-06 3.87097570e-06]\n",
      " [2.33864179e-03 1.96390689e-03 4.92459263e-03 ... 2.96865342e-06\n",
      "  3.36728260e-06 3.32350978e-06]\n",
      " ...\n",
      " [7.21172934e-06 5.23155918e-06 2.96865342e-06 ... 5.84550936e-03\n",
      "  2.45227502e-03 2.31953066e-03]\n",
      " [5.66590110e-06 4.77929976e-06 3.36728260e-06 ... 2.45227502e-03\n",
      "  5.82988260e-03 2.45388139e-03]\n",
      " [3.74985258e-06 3.87097570e-06 3.32350978e-06 ... 2.31953066e-03\n",
      "  2.45388139e-03 5.84434804e-03]]\n",
      "[[6.86444233e-03 2.99839616e-03 2.10747374e-03 ... 5.59536933e-06\n",
      "  3.20487121e-06 8.41455187e-07]\n",
      " [2.99839616e-03 5.25262976e-03 1.75650615e-03 ... 4.47714779e-06\n",
      "  3.35121322e-06 2.02760607e-06]\n",
      " [2.10747374e-03 1.75650615e-03 4.30078546e-03 ... 2.93425567e-06\n",
      "  2.87749950e-06 2.50131396e-06]\n",
      " ...\n",
      " [5.59536933e-06 4.47714779e-06 2.93425567e-06 ... 5.10824636e-03\n",
      "  2.16533195e-03 2.04600544e-03]\n",
      " [3.20487121e-06 3.35121322e-06 2.87749950e-06 ... 2.16533195e-03\n",
      "  5.09838121e-03 2.17073924e-03]\n",
      " [8.41455187e-07 2.02760607e-06 2.50131396e-06 ... 2.04600544e-03\n",
      "  2.17073924e-03 5.11486776e-03]]\n",
      "[[ 6.95587850e-03  3.06918621e-03  2.13386772e-03 ...  3.76261668e-06\n",
      "   7.21823596e-07 -1.90840552e-06]\n",
      " [ 3.06918621e-03  5.25973779e-03  1.77053215e-03 ...  3.53133345e-06\n",
      "   1.86418340e-06  2.50485843e-07]\n",
      " [ 2.13386772e-03  1.77053215e-03  4.27084356e-03 ...  2.74628838e-06\n",
      "   2.31259718e-06  1.67918907e-06]\n",
      " ...\n",
      " [ 3.76261668e-06  3.53133345e-06  2.74628838e-06 ...  5.08338300e-03\n",
      "   2.17404045e-03  2.05236948e-03]\n",
      " [ 7.21823596e-07  1.86418340e-06  2.31259718e-06 ...  2.17404045e-03\n",
      "   5.07755528e-03  2.18297146e-03]\n",
      " [-1.90840552e-06  2.50485843e-07  1.67918907e-06 ...  2.05236948e-03\n",
      "   2.18297146e-03  5.09671210e-03]]\n"
     ]
    },
    {
     "name": "stdout",
     "output_type": "stream",
     "text": [
      "[[ 6.65091620e-03  2.93857537e-03  2.03863554e-03 ...  2.60260748e-06\n",
      "  -3.63661553e-07 -2.80249925e-06]\n",
      " [ 2.93857537e-03  5.02010868e-03  1.69106239e-03 ...  2.76179373e-06\n",
      "   1.06079045e-06 -4.87539416e-07]\n",
      " [ 2.03863554e-03  1.69106239e-03  4.07107404e-03 ...  2.37549518e-06\n",
      "   1.84195257e-06  1.17821887e-06]\n",
      " ...\n",
      " [ 2.60260748e-06  2.76179373e-06  2.37549518e-06 ...  4.85446797e-03\n",
      "   2.08322716e-03  1.96598673e-03]\n",
      " [-3.63661553e-07  1.06079045e-06  1.84195257e-06 ...  2.08322716e-03\n",
      "   4.85081516e-03  2.09319378e-03]\n",
      " [-2.80249925e-06 -4.87539416e-07  1.17821887e-06 ...  1.96598673e-03\n",
      "   2.09319378e-03  4.86990221e-03]]\n",
      "[[ 5.67923469e-03  2.51938083e-03  1.74290130e-03 ...  3.13668586e-06\n",
      "   4.55058801e-07 -1.84962044e-06]\n",
      " [ 2.51938083e-03  4.26681640e-03  1.44169275e-03 ...  2.98469460e-06\n",
      "   1.50720670e-06  9.03508145e-08]\n",
      " [ 1.74290130e-03  1.44169275e-03  3.44905079e-03 ...  2.34544720e-06\n",
      "   1.94671890e-06  1.38413064e-06]\n",
      " ...\n",
      " [ 3.13668586e-06  2.98469460e-06  2.34544720e-06 ...  4.09996923e-03\n",
      "   1.75585074e-03  1.65736670e-03]\n",
      " [ 4.55058801e-07  1.50720670e-06  1.94671890e-06 ...  1.75585074e-03\n",
      "   4.09528552e-03  1.76329483e-03]\n",
      " [-1.84962044e-06  9.03508145e-08  1.38413064e-06 ...  1.65736670e-03\n",
      "   1.76329483e-03  4.11120874e-03]]\n",
      "[[ 4.81341963e-03  2.15460661e-03  1.47565128e-03 ...  1.58856900e-06\n",
      "  -9.69271872e-07 -3.00793788e-06]\n",
      " [ 2.15460661e-03  3.57422948e-03  1.21486491e-03 ...  1.93987178e-06\n",
      "   4.44130386e-07 -8.68030005e-07]\n",
      " [ 1.47565128e-03  1.21486491e-03  2.86560137e-03 ...  1.81444905e-06\n",
      "   1.30125341e-06  7.14662196e-07]\n",
      " ...\n",
      " [ 1.58856900e-06  1.93987178e-06  1.81444905e-06 ...  3.40862656e-03\n",
      "   1.46914173e-03  1.38584478e-03]\n",
      " [-9.69271872e-07  4.44130386e-07  1.30125341e-06 ...  1.46914173e-03\n",
      "   3.40650781e-03  1.47688754e-03]\n",
      " [-3.00793788e-06 -8.68030005e-07  7.14662196e-07 ...  1.38584478e-03\n",
      "   1.47688754e-03  3.42094311e-03]]\n",
      "[[ 4.16520509e-03  1.88294403e-03  1.27442688e-03 ...  1.17125348e-07\n",
      "  -2.28961651e-06 -4.04657033e-06]\n",
      " [ 1.88294403e-03  3.05022381e-03  1.04342922e-03 ...  9.38424328e-07\n",
      "  -5.48116609e-07 -1.73777763e-06]\n",
      " [ 1.27442688e-03  1.04342922e-03  2.42180116e-03 ...  1.29469000e-06\n",
      "   6.92532668e-07  1.00327536e-07]\n",
      " ...\n",
      " [ 1.17125348e-07  9.38424328e-07  1.29469000e-06 ...  2.88339471e-03\n",
      "   1.25211465e-03  1.18024841e-03]\n",
      " [-2.28961651e-06 -5.48116609e-07  6.92532668e-07 ...  1.25211465e-03\n",
      "   2.88345210e-03  1.26016080e-03]\n",
      " [-4.04657033e-06 -1.73777763e-06  1.00327536e-07 ...  1.18024841e-03\n",
      "   1.26016080e-03  2.89666425e-03]]\n",
      "[[ 3.71627436e-03  1.70872119e-03  1.13044226e-03 ... -2.25547960e-06\n",
      "  -4.44143770e-06 -5.74807566e-06]\n",
      " [ 1.70872119e-03  2.64884773e-03  9.15912512e-04 ... -6.60390399e-07\n",
      "  -2.13899554e-06 -3.13013846e-06]\n",
      " [ 1.13044226e-03  9.15912512e-04  2.06362686e-03 ...  4.77593973e-07\n",
      "  -2.55432144e-07 -8.46634526e-07]\n",
      " ...\n",
      " [-2.25547960e-06 -6.60390399e-07  4.77593973e-07 ...  2.46277077e-03\n",
      "   1.08511927e-03  1.02146941e-03]\n",
      " [-4.44143770e-06 -2.13899554e-06 -2.55432144e-07 ...  1.08511927e-03\n",
      "   2.46615442e-03  1.09434599e-03]\n",
      " [-5.74807566e-06 -3.13013846e-06 -8.46634526e-07 ...  1.02146941e-03\n",
      "   1.09434599e-03  2.47859073e-03]]\n",
      "[[ 3.64102911e-03  1.70476546e-03  1.09538033e-03 ... -4.79398836e-06\n",
      "  -6.43510380e-06 -7.01630610e-06]\n",
      " [ 1.70476546e-03  2.50576643e-03  8.75982934e-04 ... -2.48221913e-06\n",
      "  -3.77162563e-06 -4.39257341e-06]\n",
      " [ 1.09538033e-03  8.75982934e-04  1.90468143e-03 ... -5.48933679e-07\n",
      "  -1.34477764e-06 -1.85379883e-06]\n",
      " ...\n",
      " [-4.79398836e-06 -2.48221913e-06 -5.48933679e-07 ...  2.28307103e-03\n",
      "   1.02550347e-03  9.63949337e-04]\n",
      " [-6.43510380e-06 -3.77162563e-06 -1.34477764e-06 ...  1.02550347e-03\n",
      "   2.29092611e-03  1.03683545e-03]\n",
      " [-7.01630610e-06 -4.39257341e-06 -1.85379883e-06 ...  9.63949337e-04\n",
      "   1.03683545e-03  2.30300843e-03]]\n",
      "[[ 3.68129229e-03  1.73215492e-03  1.10283805e-03 ... -5.41843910e-06\n",
      "  -6.80720863e-06 -7.11985119e-06]\n",
      " [ 1.73215492e-03  2.50555455e-03  8.78405757e-04 ... -2.97802629e-06\n",
      "  -4.15650767e-06 -4.63084557e-06]\n",
      " [ 1.10283805e-03  8.78405757e-04  1.88973951e-03 ... -8.64885032e-07\n",
      "  -1.65511036e-06 -2.11924266e-06]\n",
      " ...\n",
      " [-5.41843910e-06 -2.97802629e-06 -8.64885032e-07 ...  2.26909695e-03\n",
      "   1.02564427e-03  9.63721622e-04]\n",
      " [-6.80720863e-06 -4.15650767e-06 -1.65511036e-06 ...  1.02564427e-03\n",
      "   2.27860847e-03  1.03781549e-03]\n",
      " [-7.11985119e-06 -4.63084557e-06 -2.11924266e-06 ...  9.63721622e-04\n",
      "   1.03781549e-03  2.29062914e-03]]\n",
      "[[ 3.56721104e-03  1.66966096e-03  1.07344690e-03 ... -4.65678480e-06\n",
      "  -6.27968552e-06 -6.86544521e-06]\n",
      " [ 1.66966096e-03  2.45668675e-03  8.58662586e-04 ... -2.40066205e-06\n",
      "  -3.67054875e-06 -4.28783842e-06]\n",
      " [ 1.07344690e-03  8.58662586e-04  1.86829544e-03 ... -5.18211522e-07\n",
      "  -1.29822447e-06 -1.79965561e-06]\n",
      " ...\n",
      " [-4.65678480e-06 -2.40066205e-06 -5.18211522e-07 ...  2.23922383e-03\n",
      "   1.00541265e-03  9.45088208e-04]\n",
      " [-6.27968552e-06 -3.67054875e-06 -1.29822447e-06 ...  1.00541265e-03\n",
      "   2.24682560e-03  1.01647122e-03]\n",
      " [-6.86544521e-06 -4.28783842e-06 -1.79965561e-06 ...  9.45088208e-04\n",
      "   1.01647122e-03  2.25867281e-03]]\n",
      "[[ 3.19720009e-03  1.49355087e-03  9.63535555e-04 ... -3.95110157e-06\n",
      "  -5.48212311e-06 -6.09254171e-06]\n",
      " [ 1.49355087e-03  2.21104159e-03  7.71918328e-04 ... -1.98075219e-06\n",
      "  -3.15167838e-06 -3.75117866e-06]\n",
      " [ 9.63535555e-04  7.71918328e-04  1.68640414e-03 ... -3.59361109e-07\n",
      "  -1.05876626e-06 -1.52181151e-06]\n",
      " ...\n",
      " [-3.95110157e-06 -1.98075219e-06 -3.59361109e-07 ...  2.02000382e-03\n",
      "   9.04876544e-04  8.50714169e-04]\n",
      " [-5.48212311e-06 -3.15167838e-06 -1.05876626e-06 ...  9.04876544e-04\n",
      "   2.02632167e-03  9.14555790e-04]\n",
      " [-6.09254171e-06 -3.75117866e-06 -1.52181151e-06 ...  8.50714169e-04\n",
      "   9.14555790e-04  2.03698725e-03]]\n",
      "[[ 2.92675739e-03  1.37384708e-03  8.78646449e-04 ... -4.10037092e-06\n",
      "  -5.31463580e-06 -5.67198774e-06]\n",
      " [ 1.37384708e-03  2.00287545e-03  7.01218080e-04 ... -2.19276425e-06\n",
      "  -3.18171752e-06 -3.62011942e-06]\n",
      " [ 8.78646449e-04  7.01218080e-04  1.51640135e-03 ... -5.68612396e-07\n",
      "  -1.20424213e-06 -1.59404506e-06]\n",
      " ...\n",
      " [-4.10037092e-06 -2.19276425e-06 -5.68612396e-07 ...  1.81922015e-03\n",
      "   8.19754871e-04  7.70399577e-04]\n",
      " [-5.31463580e-06 -3.18171752e-06 -1.20424213e-06 ...  8.19754871e-04\n",
      "   1.82616245e-03  8.29152131e-04]\n",
      " [-5.67198774e-06 -3.62011942e-06 -1.59404506e-06 ...  7.70399577e-04\n",
      "   8.29152131e-04  1.83580181e-03]]\n",
      "[[ 2.64014340e-03  1.24705023e-03  7.87977138e-04 ... -4.13510442e-06\n",
      "  -4.94666424e-06 -5.00122703e-06]\n",
      " [ 1.24705023e-03  1.78045306e-03  6.25547327e-04 ... -2.36709485e-06\n",
      "  -3.12135784e-06 -3.36384423e-06]\n",
      " [ 7.87977138e-04  6.25547327e-04  1.33417762e-03 ... -7.91824012e-07\n",
      "  -1.34074533e-06 -1.63815166e-06]\n",
      " ...\n",
      " [-4.13510442e-06 -2.36709485e-06 -7.91824012e-07 ...  1.60454443e-03\n",
      "   7.29123924e-04  6.84915586e-04]\n",
      " [-4.94666424e-06 -3.12135784e-06 -1.34074533e-06 ...  7.29123924e-04\n",
      "   1.61234128e-03  7.38284055e-04]\n",
      " [-5.00122703e-06 -3.36384423e-06 -1.63815166e-06 ...  6.84915586e-04\n",
      "   7.38284055e-04  1.62081432e-03]]\n",
      "[[ 2.45736162e-03  1.16789623e-03  7.28293347e-04 ... -4.04428530e-06\n",
      "  -4.46242013e-06 -4.23648537e-06]\n",
      " [ 1.16789623e-03  1.63079048e-03  5.74883793e-04 ... -2.46457641e-06\n",
      "  -2.99128490e-06 -3.05220573e-06]\n",
      " [ 7.28293347e-04  5.74883793e-04  1.20828207e-03 ... -9.78501437e-07\n",
      "  -1.44389156e-06 -1.65526683e-06]\n",
      " ...\n",
      " [-4.04428530e-06 -2.46457641e-06 -9.78501437e-07 ...  1.45760824e-03\n",
      "   6.68664957e-04  6.27875387e-04]\n",
      " [-4.46242013e-06 -2.99128490e-06 -1.44389156e-06 ...  6.68664957e-04\n",
      "   1.46653821e-03  6.77914509e-04]\n",
      " [-4.23648537e-06 -3.05220573e-06 -1.65526683e-06 ...  6.27875387e-04\n",
      "   6.77914509e-04  1.47413477e-03]]\n",
      "[[ 2.23115021e-03  1.06679624e-03  6.55739874e-04 ... -3.56536502e-06\n",
      "  -3.57372584e-06 -3.10610196e-06]\n",
      " [ 1.06679624e-03  1.45485682e-03  5.14447544e-04 ... -2.32715436e-06\n",
      "  -2.60262286e-06 -2.49502498e-06]\n",
      " [ 6.55739874e-04  5.14447544e-04  1.06463364e-03 ... -1.06688131e-06\n",
      "  -1.42561496e-06 -1.54641484e-06]\n",
      " ...\n",
      " [-3.56536502e-06 -2.32715436e-06 -1.06688131e-06 ...  1.28926947e-03\n",
      "   5.97836847e-04  5.61201313e-04]\n",
      " [-3.57372584e-06 -2.60262286e-06 -1.42561496e-06 ...  5.97836847e-04\n",
      "   1.29917442e-03  6.07004352e-04]\n",
      " [-3.10610196e-06 -2.49502498e-06 -1.54641484e-06 ...  5.61201313e-04\n",
      "   6.07004352e-04  1.30573770e-03]]\n"
     ]
    },
    {
     "name": "stdout",
     "output_type": "stream",
     "text": [
      "[[ 2.09184529e-03  1.00400582e-03  6.10953057e-04 ... -3.08923680e-06\n",
      "  -2.84065620e-06 -2.24492020e-06]\n",
      " [ 1.00400582e-03  1.34728431e-03  4.77279464e-04 ... -2.13359908e-06\n",
      "  -2.24714102e-06 -2.04477966e-06]\n",
      " [ 6.10953057e-04  4.77279464e-04  9.77345677e-04 ... -1.07561304e-06\n",
      "  -1.36138006e-06 -1.42688540e-06]\n",
      " ...\n",
      " [-3.08923680e-06 -2.13359908e-06 -1.07561304e-06 ...  1.18714128e-03\n",
      "   5.54793968e-04  5.20734256e-04]\n",
      " [-2.84065620e-06 -2.24714102e-06 -1.36138006e-06 ...  5.54793968e-04\n",
